1746120292581 0.0033226495726495727 0
1746122579443 0.0065241944444444444 1
1746124350089 0.009593739316239316 2
1746126157788 0.009406 3
1746127992766 0.009208000000000001 4
1746130627874 0.00901 5
1746132742836 0.008812 6
1746135041053 0.008614 7
1746137146184 0.008416 8
1746139335214 0.008218000000000001 9
1746141583975 0.008020000000000001 10
1746143815198 0.007822 11
1746145985611 0.007624 12
1746148255262 0.007426 13
1746150451798 0.007228 14
1746152635894 0.00703 15
1746154740039 0.0068319999999999995 16
